

==============example_transformer.py====================
Namespace(ASL=False, EPOCHS=100, GPU='3', batch_size=128, eval_step=50, freeze_emb=False, gamma_neg=4.0, id=3, init_lr=0.0003, lr2=0.0, lr_decay=0.97, maxlen=200, seeds=1, weights_decay=0.0)
best epoch:49  best val f1:0.5819949193672589
              precision    recall  f1-score   support

           0     0.5062    0.4616    0.4829      1419
           1     0.5516    0.5680    0.5597      5512
           2     0.7667    0.7811    0.7738     15964
           3     0.5920    0.5561    0.5735      6554
           4     0.5118    0.5286    0.5201      1763

    accuracy                         0.6674     31212
   macro avg     0.5857    0.5791    0.5820     31212
weighted avg     0.6658    0.6674    0.6664     31212

[[  655   640   111    11     2]
 [  524  3131  1669   173    15]
 [  101  1699 12469  1615    80]
 [   12   192  1913  3645   792]
 [    2    14   102   713   932]]
best epoch:49  best val f1:0.5819949193672589
              precision    recall  f1-score   support

           0     0.6784    0.6261    0.6512      5651
           1     0.6847    0.7134    0.6988     21754
           2     0.8305    0.8487    0.8395     63588
           3     0.7241    0.6590    0.6900     26366
           4     0.6645    0.7094    0.6863      7441

    accuracy                         0.7666    124800
   macro avg     0.7165    0.7113    0.7131    124800
weighted avg     0.7658    0.7666    0.7657    124800

[[ 3538  1846   236    21    10]
 [ 1413 15520  4450   341    30]
 [  242  4817 53966  4382   181]
 [   18   457  6073 17374  2444]
 [    4    26   257  1875  5279]]
current_time: 2021-03-04 18:23:00



==============example_transformer.py====================
Namespace(ASL=False, EPOCHS=100, GPU='3', batch_size=128, eval_step=50, freeze_emb=True, gamma_neg=4.0, id=3, init_lr=0.001, lr2=0.0, lr_decay=0.97, maxlen=200, seeds=1, weights_decay=0.0)
best epoch:59  best val f1:0.4978529006155058
              precision    recall  f1-score   support

           0     0.3631    0.4327    0.3949      1419
           1     0.4417    0.4811    0.4606      5512
           2     0.7533    0.7350    0.7440     15964
           3     0.4934    0.3816    0.4304      6554
           4     0.3707    0.6041    0.4594      1763

    accuracy                         0.5948     31212
   macro avg     0.4844    0.5269    0.4979     31212
weighted avg     0.6044    0.5948    0.5962     31212

[[  614   594   123    65    23]
 [  756  2652  1571   440    93]
 [  217  2095 11733  1638   281]
 [   88   569  1985  2501  1411]
 [   16    94   163   425  1065]]
best epoch:59  best val f1:0.4978529006155058
              precision    recall  f1-score   support

           0     0.3868    0.4655    0.4225      5652
           1     0.4546    0.5016    0.4769     21755
           2     0.7553    0.7405    0.7478     63592
           3     0.5150    0.3940    0.4464     26360
           4     0.4042    0.6234    0.4905      7441

    accuracy                         0.6062    124800
   macro avg     0.5032    0.5450    0.5168    124800
weighted avg     0.6145    0.6062    0.6069    124800

[[ 2631  2148   564   224    85]
 [ 2874 10913  6081  1572   315]
 [  971  8309 47092  6197  1023]
 [  268  2284  8009 10385  5414]
 [   58   353   603  1788  4639]]
current_time: 2021-03-04 18:43:35



==============example_transformer.py====================
Namespace(ASL=False, EPOCHS=100, GPU='3', batch_size=128, eval_step=50, freeze_emb=False, gamma_neg=4.0, id=3, init_lr=0.0003, lr2=0.0, lr_decay=0.97, maxlen=200, seeds=1, weights_decay=0.0)
best epoch:95  best val f1:0.5807833275270229
              precision    recall  f1-score   support

           0     0.4679    0.5236    0.4942      1419
           1     0.5268    0.5880    0.5557      5512
           2     0.7809    0.7399    0.7598     15964
           3     0.5785    0.5534    0.5657      6554
           4     0.4885    0.5757    0.5285      1763

    accuracy                         0.6548     31212
   macro avg     0.5685    0.5961    0.5808     31212
weighted avg     0.6628    0.6548    0.6579     31212

[[  743   585    82     7     2]
 [  678  3241  1440   141    12]
 [  150  2049 11811  1847   107]
 [   16   258  1711  3627   942]
 [    1    19    80   648  1015]]
best epoch:95  best val f1:0.5807833275270229
              precision    recall  f1-score   support

           0     0.5798    0.6828    0.6271      5652
           1     0.6466    0.7063    0.6751     21755
           2     0.8424    0.8082    0.8249     63592
           3     0.6914    0.6426    0.6661     26360
           4     0.6023    0.7179    0.6551      7441

    accuracy                         0.7444    124800
   macro avg     0.6725    0.7116    0.6897    124800
weighted avg     0.7502    0.7444    0.7462    124800

[[ 3859  1597   168    18    10]
 [ 2326 15365  3731   308    25]
 [  438  6132 51396  5385   241]
 [   30   626  5514 16939  3251]
 [    3    41   204  1851  5342]]
current_time: 2021-03-04 21:16:57



==============example_transformer.py====================
Namespace(EPOCHS=150, GPU='3', batch_size=128, eval_step=50, freeze_emb=False, id=3, init_lr=0.0001, lr2=0.0, lr_decay=True, maxlen=200, nb_encoder=2, seeds=1, weights_decay=0.001)
best epoch:85  best val f1:0.504253747893624
              precision    recall  f1-score   support

           0     0.4101    0.3214    0.3603      1419
           1     0.4839    0.4737    0.4787      5512
           2     0.7379    0.7642    0.7508     15964
           3     0.5182    0.5519    0.5345      6554
           4     0.4924    0.3324    0.3969      1763

    accuracy                         0.6238     31212
   macro avg     0.5285    0.4887    0.5043     31212
weighted avg     0.6181    0.6238    0.6196     31212

[[  456   728   178    54     3]
 [  490  2611  2026   379     6]
 [  133  1643 12200  1933    55]
 [   26   370  2001  3617   540]
 [    7    44   129   997   586]]
best epoch:85  best val f1:0.504253747893624
              precision    recall  f1-score   support

           0     0.4384    0.3608    0.3958      5651
           1     0.5135    0.5116    0.5125     21751
           2     0.7550    0.7793    0.7670     63596
           3     0.5468    0.5764    0.5612     26361
           4     0.5354    0.3629    0.4326      7441

    accuracy                         0.6460    124800
   macro avg     0.5578    0.5182    0.5338    124800
weighted avg     0.6415    0.6460    0.6424    124800

[[ 2039  2820   619   172     1]
 [ 2019 11128  7412  1170    22]
 [  479  6197 49562  7166   192]
 [   95  1371  7573 15194  2128]
 [   19   156   480  4086  2700]]
current_time: 2021-03-05 00:27:59



==============example_transformer.py====================
Namespace(EPOCHS=150, GPU='3', batch_size=128, eval_step=50, freeze_emb=False, id=3, init_lr=0.0001, lr2=0.0, lr_decay=False, maxlen=200, nb_encoder=2, seeds=1, weights_decay=0.001)
best epoch:94  best val f1:0.5551415312493674
              precision    recall  f1-score   support

           0     0.4768    0.3904    0.4293      1419
           1     0.5130    0.5885    0.5482      5512
           2     0.7703    0.7486    0.7593     15964
           3     0.5597    0.5618    0.5607      6554
           4     0.4972    0.4606    0.4782      1763

    accuracy                         0.6486     31212
   macro avg     0.5634    0.5500    0.5551     31212
weighted avg     0.6519    0.6486    0.6494     31212

[[  554   755    98    11     1]
 [  463  3244  1610   189     6]
 [  116  1953 11951  1866    78]
 [   19   343  1774  3682   736]
 [   10    29    81   831   812]]
best epoch:94  best val f1:0.5551415312493674
              precision    recall  f1-score   support

           0     0.5500    0.4778    0.5114      5651
           1     0.6089    0.6954    0.6493     21751
           2     0.8259    0.8050    0.8153     63596
           3     0.6496    0.6442    0.6469     26361
           4     0.5909    0.5499    0.5697      7441

    accuracy                         0.7219    124800
   macro avg     0.6451    0.6345    0.6385    124800
weighted avg     0.7244    0.7219    0.7224    124800

[[ 2700  2692   222    31     6]
 [ 1687 15125  4526   392    21]
 [  398  6129 51193  5660   216]
 [  100   838  5850 16983  2590]
 [   24    56   191  3078  4092]]
current_time: 2021-03-05 02:52:56



==============example_transformer.py====================
Namespace(EPOCHS=150, GPU='3', batch_size=128, eval_step=50, freeze_emb=False, id=3, init_lr=0.0001, lr2=0.0, lr_decay=True, maxlen=200, nb_encoder=3, seeds=1, weights_decay=0.001)
best epoch:56  best val f1:0.49943974324874263
              precision    recall  f1-score   support

           0     0.4242    0.2960    0.3487      1419
           1     0.4705    0.5096    0.4893      5512
           2     0.7262    0.7903    0.7569     15964
           3     0.5480    0.4606    0.5005      6554
           4     0.4598    0.3568    0.4018      1763

    accuracy                         0.6246     31212
   macro avg     0.5257    0.4827    0.4994     31212
weighted avg     0.6148    0.6246    0.6172     31212

[[  420   788   177    31     3]
 [  419  2809  2056   220     8]
 [  119  1804 12617  1360    64]
 [   28   493  2350  3019   664]
 [    4    76   175   879   629]]
best epoch:56  best val f1:0.49943974324874263
              precision    recall  f1-score   support

           0     0.4372    0.3214    0.3704      5651
           1     0.4931    0.5417    0.5162     21751
           2     0.7414    0.8031    0.7710     63596
           3     0.5793    0.4847    0.5278     26361
           4     0.5102    0.3981    0.4472      7441

    accuracy                         0.6443    124800
   macro avg     0.5522    0.5098    0.5265    124800
weighted avg     0.6363    0.6443    0.6378    124800

[[ 1816  3097   637   100     1]
 [ 1742 11782  7533   671    23]
 [  453  6899 51074  4933   237]
 [  121  1844  9038 12776  2582]
 [   22   274   609  3574  2962]]
current_time: 2021-03-05 05:41:42



==============example_transformer.py====================
Namespace(EPOCHS=150, GPU='3', batch_size=128, eval_step=50, freeze_emb=False, id=3, init_lr=0.0001, lr2=0.0, lr_decay=False, maxlen=200, nb_encoder=3, seeds=1, weights_decay=0.001)
best epoch:53  best val f1:0.5520153325073801
              precision    recall  f1-score   support

           0     0.5137    0.3432    0.4115      1419
           1     0.5069    0.6254    0.5599      5512
           2     0.7781    0.7281    0.7523     15964
           3     0.5473    0.5648    0.5559      6554
           4     0.4804    0.4804    0.4804      1763

    accuracy                         0.6442     31212
   macro avg     0.5653    0.5484    0.5520     31212
weighted avg     0.6529    0.6442    0.6462     31212

[[  487   826    88    16     2]
 [  355  3447  1463   238     9]
 [   91  2167 11623  2002    81]
 [   11   331  1686  3702   824]
 [    4    29    77   806   847]]
best epoch:53  best val f1:0.5520153325073801
              precision    recall  f1-score   support

           0     0.5700    0.3941    0.4660      5651
           1     0.5852    0.7246    0.6475     21751
           2     0.8318    0.7827    0.8065     63596
           3     0.6321    0.6385    0.6353     26361
           4     0.5579    0.5613    0.5596      7441

    accuracy                         0.7113    124800
   macro avg     0.6354    0.6202    0.6230    124800
weighted avg     0.7184    0.7113    0.7125    124800

[[ 2227  3194   168    54     8]
 [ 1309 15760  4138   526    18]
 [  304  7067 49778  6217   230]
 [   55   838  5582 16832  3054]
 [   12    73   180  2999  4177]]
current_time: 2021-03-05 08:30:00



==============example_berttextcnn.py====================
Namespace(EPOCHS=15, GPU='3', batch_size=512, eval_step=50, freeze_emb=False, id=3, init_lr=0.0001, lr2=0.0, lr_decay=False, maxlen=200, nb_encoder=2, seeds=1, weights_decay=0.0)
best epoch:3  best val f1:0.6027251323750933
              precision    recall  f1-score   support

           0     0.5214    0.4630    0.4905      1419
           1     0.5700    0.6089    0.5888      5512
           2     0.7930    0.7757    0.7843     15964
           3     0.6034    0.5914    0.5973      6554
           4     0.5170    0.5939    0.5528      1763

    accuracy                         0.6830     31212
   macro avg     0.6010    0.6066    0.6027     31212
weighted avg     0.6859    0.6830    0.6840     31212

[[  657   690    62     8     2]
 [  510  3356  1494   142    10]
 [   86  1689 12383  1734    72]
 [    4   148  1632  3876   894]
 [    3     5    44   664  1047]]
best epoch:3  best val f1:0.6027251323750933
              precision    recall  f1-score   support

           0     0.6919    0.6846    0.6882      5653
           1     0.7300    0.7823    0.7552     21761
           2     0.8789    0.8534    0.8659     63618
           3     0.7461    0.7159    0.7307     26373
           4     0.6470    0.7697    0.7030      7443

    accuracy                         0.7993    124848
   macro avg     0.7388    0.7612    0.7486    124848
weighted avg     0.8026    0.7993    0.8003    124848

[[ 3870  1718    53     7     5]
 [ 1478 17024  3038   213     8]
 [  239  4402 54290  4539   148]
 [    5   177  4345 18881  2965]
 [    1     1    46  1666  5729]]
current_time: 2021-03-12 17:47:34



==============example_berttextcnn.py====================
Namespace(EPOCHS=15, GPU='3', batch_size=512, eval_step=50, freeze_emb=False, id=3, init_lr=1e-05, lr2=0.0, lr_decay=False, maxlen=200, nb_encoder=2, seeds=1, weights_decay=0.0)
best epoch:15  best val f1:0.6069851775224164
              precision    recall  f1-score   support

           0     0.5095    0.4898    0.4995      1419
           1     0.5579    0.6241    0.5891      5512
           2     0.7924    0.7732    0.7827     15964
           3     0.6167    0.6074    0.6120      6554
           4     0.5706    0.5337    0.5516      1763

    accuracy                         0.6857     31212
   macro avg     0.6094    0.6057    0.6070     31212
weighted avg     0.6887    0.6857    0.6868     31212

[[  695   657    58     9     0]
 [  559  3440  1404   107     2]
 [  101  1879 12344  1598    42]
 [    7   179  1723  3981   664]
 [    2    11    49   760   941]]
best epoch:15  best val f1:0.6069851775224164
              precision    recall  f1-score   support

           0     0.6540    0.6917    0.6723      5653
           1     0.7033    0.7853    0.7420     21761
           2     0.8746    0.8488    0.8615     63618
           3     0.7483    0.7239    0.7359     26373
           4     0.7025    0.6906    0.6965      7443

    accuracy                         0.7948    124848
   macro avg     0.7365    0.7480    0.7416    124848
weighted avg     0.7978    0.7948    0.7957    124848

[[ 3910  1682    56     5     0]
 [ 1772 17090  2776   121     2]
 [  277  5196 53996  4076    73]
 [   18   325  4837 19091  2102]
 [    2     8    73  2220  5140]]
current_time: 2021-03-12 18:29:25



==============example_berttextcnn.py====================
Namespace(EPOCHS=10, GPU='3', batch_size=512, eval_step=50, freeze_emb=False, id=3, init_lr=0.0003, lr2=0.0, lr_decay=False, maxlen=200, nb_encoder=3, seeds=1, weights_decay=0.0)
best epoch:3  best val f1:0.5923921976380211
              precision    recall  f1-score   support

           0     0.5007    0.4891    0.4948      1419
           1     0.5667    0.5849    0.5757      5512
           2     0.7747    0.7880    0.7813     15964
           3     0.6059    0.5372    0.5695      6554
           4     0.4986    0.5905    0.5406      1763

    accuracy                         0.6747     31212
   macro avg     0.5893    0.5979    0.5924     31212
weighted avg     0.6745    0.6747    0.6739     31212

[[  694   647    72     4     2]
 [  582  3224  1605    95     6]
 [  105  1667 12580  1535    77]
 [    3   146  1922  3521   962]
 [    2     5    59   656  1041]]
best epoch:3  best val f1:0.5923921976380211
              precision    recall  f1-score   support

           0     0.6662    0.7306    0.6969      5653
           1     0.7483    0.7733    0.7606     21761
           2     0.8780    0.8804    0.8792     63618
           3     0.7929    0.7043    0.7460     26373
           4     0.6616    0.7947    0.7221      7443

    accuracy                         0.8127    124848
   macro avg     0.7494    0.7767    0.7610    124848
weighted avg     0.8149    0.8127    0.8128    124848

[[ 4130  1479    39     2     3]
 [ 1842 16827  3010    76     6]
 [  215  4012 56012  3296    83]
 [   10   168  4688 18574  2933]
 [    2     1    49  1476  5915]]
current_time: 2021-03-12 21:54:29

